38 53 12 11 28 433 10076 73 44 15860 11 535 30 12 104 7|27 185 22 100 6567 288
27 185 22 100 6567 288|15 120 51 44 12029 262 10 1
15 120 51 44 12029 262 10 1|28 566 11 100 6567 288 7
28 566 11 100 6567 288 7|483 73 4 2048 9 1289 16 154
483 73 4 2048 9 1289 16 154|53 28 185 11 100 6567 288 21 216 16 119 15860 7
53 28 185 11 100 6567 288 21 216 16 119 15860 7|1 15860 22 27 382
1 15860 22 27 382|12 41 37 27 734
12 41 37 27 734|5 85 205 4 1560
5 85 205 4 1560|12 41 28 324 9 10410 88 9 100 7800
12 41 28 324 9 10410 88 9 100 7800|53 51 2057 110 4 2048 20 14
53 51 2057 110 4 2048 20 14|24 118 111 30 978 88 284
24 118 111 30 978 88 284|251 9 74
4 43 372 281 14|15 4 69 29 334
15 4 69 29 334|4 69 3802 10 2017 200 27 12646 2025
4 69 3802 10 2017 200 27 12646 2025|1751 25 1 9 119 70 199 995
1751 25 1 9 119 70 199 995|4 143 1 41 35 650 9 29 6850
4 143 1 41 35 650 9 29 6850|5 149 9 29 6850 14
5 149 9 29 6850 14|25 53 4 2495 20 56
25 53 4 2495 20 56|5 69 1527 28 12174 3685 9 6 7113 14
5 69 1527 28 12174 3685 9 6 7113 14|28 12389 1009 1 6 5799 4421 3303 9 29 309 1
28 12389 1009 1 6 5799 4421 3303 9 29 309 1|56 28 3114 69 29 27 2009
56 28 3114 69 29 27 2009|94 4 78 70 1 433 4 46 16
94 4 78 70 1 433 4 46 16|231 384 27 185 16556 16 82 4195 9 6 433 2791 125 29 827 209 9 302 82 249 382 19 1206 53 1065
231 384 27 185 16556 16 82 4195 9 6 433 2791 125 29 827 209 9 302 82 249 382 19 1206 53 1065|5 679 27 382 38 5 118 37 302 48
5 679 27 382 38 5 118 37 302 48|120 70 156 22 783
120 70 156 22 783|15860 125 386
26 98 4 19122 1793 91 9 302 48|5 118 37 110
58 21 31 24 31 7|4 69 31 28 325
4 69 31 28 325|12 22 36 16 44 29 1414
12 22 36 16 44 29 1414|5 69 1258 25 4 36
5 69 1258 25 4 36|251 9 20
9462 22 117 120 294|5 80 9 427 15860 38 5 32 13 46 53 5 39 321
5 80 9 427 15860 38 5 32 13 46 53 5 39 321|4 125 237 19 238 9462
4 125 237 19 238 9462|24 237 19 4
47 11 58 35 98 235|627 98 24 30 24 125 332 60
627 98 24 30 24 125 332 60|43 24 170 321 9 386 45 7
43 24 170 321 9 386 45 7|53 24 386 24 69 386 19 1206
58 77 18 4 9 804 99 308|19 808 175 70 508 6 9028 18 1 69 29 1435
19 808 175 70 508 6 9028 18 1 69 29 1435|185 4 284 30 6 798 9 408 26
5 31 37 80 9 222 4 26 1631 14|12 22 37 1631 9 2530 192 14
12 22 37 1631 9 2530 192 14|5 943 4 70 1860 393 9 658 9 27 535 1
5 943 4 70 1860 393 9 658 9 27 535 1|9 1779 36 1 40 28 433
9 1779 36 1 40 28 433|51 43 27 433
110 4 255 386 40 6 404 18 28 6256 782 1291 14|1 1 14
4 151 1 1793 371 20 89 4 107 6 393 382|27 382 623 10 166 98 384
27 382 623 10 166 98 384|82 376 451
26 22 6 888 18 6 408 14|265 88 6 115 9 16577 14
265 88 6 115 9 16577 14|301 1494 22 365
5 1 517 90 27 212|20343 43 266 40 20
20343 43 266 40 20|137 5 39 434 119 4 416 16 156
137 5 39 434 119 4 416 16 156|5 44 13 90 104 132 124 18 26
5 44 13 90 104 132 124 18 26|22 16 36 4 78 7
22 16 36 4 78 7|22 16 126 115 9 1440 28 212 7
22 16 126 115 9 1440 28 212 7|27 212 11 281
76 334 69 29 74 539|16 67 1276 4 15 20 15860
16 67 1276 4 15 20 15860|6256 15 1631
2644 1 122 1 4 19 82 3602|276 28 2753 4 43 35 1338 25 1
276 28 2753 4 43 35 1338 25 1|1 165 14
58 4 1015 78 28 2424 97 313 7|1015 448 25 165 313 7
1015 448 25 165 313 7|627 4 43 4 69 290 9 75 6 408 18 15860 9 129 27 212 11 884 768
627 4 43 4 69 290 9 75 6 408 18 15860 9 129 27 212 11 884 768|367 12 9462 14433
5 44 246 12 14|56 5 247 274 205
4 1 1793 59 1794|38 37 77 209
73 44 26 29 7|5 2395 4 47 101 29 5217 25 1908 6 3419 1768
5 2395 4 47 101 29 5217 25 1908 6 3419 1768|38 5 85 37 628 26
38 5 85 37 628 26|125 5 31 205 25 4 7
125 5 31 205 25 4 7|6 1816 18 6 4964 69 29 898 76 12 151 29
6 1816 18 6 4964 69 29 898 76 12 151 29|1113 5488 1
140 44 8697 28 2971 957 365 14|5 44 15 5 69 14
5 44 15 5 69 14|16 41 6 8592 492 18 27 192
16 41 6 8592 492 18 27 192|72 59 33 1
118 1 1793 96 833|118 1 1793 96 6 199 492 18 117 697
118 1 1793 96 6 199 492 18 117 697|137 5 317 16 11 64
137 5 317 16 11 64|21 11 63 40 16 7
21 11 63 40 16 7|41 5 281 7
12 22 120 64 16 1 11 308 29 1658 9 90 82 214 19 6 3842 1706|4 1 1793 660 70 18 99
4 1 1793 660 70 18 99|5 69 111 329 26 402 9462
5 69 111 329 26 402 9462|4 1 1793 36 219 20 105 920
4 1 1793 36 219 20 105 920|5 69 29 1101 4 58 223 61 18 341
5 69 29 1101 4 58 223 61 18 341|15 222 29 47 25 70 236
15 222 29 47 25 70 236|4 19122 1793 10 433 56
4 19122 1793 10 433 56|17079 9 5952
1 1793 1787 1 1 15806 2869 4914 4037 3959 2869 4050 4936 4937 1 4434|36 1 666 4680 10 1 22 19 3031 19 6 1838 1556 2201 1 17010 519
36 1 666 4680 10 1 22 19 3031 19 6 1838 1556 2201 1 17010 519|1 130 26 1669 69 29 1281
36 1 666 4680 10 1 22 19 3031 19 6 1838 1556 2201 18 17010 519|1 130 26 1669 69 29 1281
47 11 35 195 25 2332|24 44 873 12 113 1 12 19 117 463
24 44 873 12 113 1 12 19 117 463|1 12 7
10 3166 40 35 6161 227 13 2720 15 47 11 35 3166 16 22 893 9 1|4 32 13 225
24 19122 1793 37 157 136 16 3505 1 170 22 10 5710|8799 6 1653 18 26 3505 41 9
8799 6 1653 18 26 3505 41 9|805 1 2084 1107 22 19 1009 15 321 9 421 19
137 5 44 218 4|47 11 10 275 18 1509 19 28 1372
47 11 10 275 18 1509 19 28 1372|12 11 27 98 18 6 849
12 11 27 98 18 6 849|32 13 4 81 47 11 91 9 29 341 53 24 2685 40 10 2084 1107 388
32 13 4 81 47 11 91 9 29 341 53 24 2685 40 10 2084 1107 388|6 2204 22 10 1 261 12024 6 325 51 44 31 22 1 48
6 2204 22 10 1 261 12024 6 325 51 44 31 22 1 48|24 19122 1793 6 908 86 50 117 422 989 12 11 98
24 19122 1793 6 908 86 50 117 422 989 12 11 98|83 11 421 9 6 6845 579
86 187 4 9 458 7 14|171 28 954 116 14
171 28 954 116 14|5 39 2945 9 8064 13120
5 39 2945 9 8064 13120|5 80 9 180 9 6 640 19 809
5 80 9 180 9 6 640 19 809|473 9022 1 61 18 6 463 1 2138 2126
473 9022 1 61 18 6 463 1 2138 2126|24 44 487 30 4 476 63 33 7388 2419 58 83 48 54
24 44 487 30 4 476 63 33 7388 2419 58 83 48 54|16 11 37 677
5 32 13 30 9 717|27 463 122 6 64 19 14828 40 4054 561 9 943 431 2714 15 690 4639
27 463 122 6 64 19 14828 40 4054 561 9 943 431 2714 15 690 4639|6 11932 22 62 6 4092
6 11932 22 62 6 4092|5 1 517 406 4 10 2391 19 10 551 18 315
5 1 517 406 4 10 2391 19 10 551 18 315|43 4 136 7
4 1 517 29 371 53 4 658|5 39 2102 4 9 409 28 13068
5 39 2102 4 9 409 28 13068|117 463 22 10 768 2150 6414
117 463 22 10 768 2150 6414|72 170 7
58 21 292 1871 6 839 18 2084 1263 9 6 5828 18 1968 2405|12 11 68 6 810 2295 10747 40 6 11032 4379 268
12 11 68 6 810 2295 10747 40 6 11032 4379 268|72 6 2572 7017 4631
72 6 2572 7017 4631|6 22410 16 359 130 11032 168 6 3570 4904 4243 3462 12476 25 1
6 22410 16 359 130 11032 168 6 3570 4904 4243 3462 12476 25 1|51 11250 68 6414 38 51 19122 1793 35 144 175 6 199 275
51 11250 68 6414 38 51 19122 1793 35 144 175 6 199 275|56 51 246 2945 9 5868 158 18 117 752 23162
21 11 6 5828 91 9 31 7|60 47 11 10 778
60 47 11 10 778|6 1718 18 6 3196 22256 16 8267 211 463 22 45 5870 2781 5409
6 1718 18 6 3196 22256 16 8267 211 463 22 45 5870 2781 5409|4 145 612 1 1754 7
4 145 612 1 1754 7|65 15 16 491 24 525 2128 11032 6 5868 15 1440 1 76 10 2781 7832 108 165 88 15 1482 48 61
65 15 16 491 24 525 2128 11032 6 5868 15 1440 1 76 10 2781 7832 108 165 88 15 1482 48 61|12 11 10 8338 1231
12 11 10 8338 1231|27 1132 1252 22 53 24 118 161 10 18761 10252 496
27 1132 1252 22 53 24 118 161 10 18761 10252 496|5 84 55 9 22826 1 48 1046
5 84 55 9 22826 1 48 1046|113 6 115 5 80 9 131 4 25 28 165 40 16 184 2781 5409 1231
113 6 115 5 80 9 131 4 25 28 165 40 16 184 2781 5409 1231|12922 87 2084 1107 41 487 1495
12922 87 2084 1107 41 487 1495|24 19965 125 2338 10529 10690 4 940
24 1 1793 423 8015|21 11 264 9 6 1 21492
21 11 264 9 6 1 21492|12 11 1713 5 1 517 2557 9 1 18437
12 11 1713 5 1 517 2557 9 1 18437|6 1968 2047 11 12399
6 1968 2047 11 12399|1940 455 384 74 1372 41 16444 177 245 10 550 594
1940 455 384 74 1372 41 16444 177 245 10 550 594|1968 3327 2395 99 68 26
1968 3327 2395 99 68 26|6 7175 622 122 4213 9 1 1 4755 117 8541
6 7175 622 122 4213 9 1 1 4755 117 8541|24 237 12 11 2553 1997 16 23 1 517 2204 6 810 2295 10747 40 6 4379 18 11032
24 237 12 11 2553 1997 16 23 1 517 2204 6 810 2295 10747 40 6 4379 18 11032|24 1 1793 171 557 9115 6 2295 383 10816
24 1 1793 171 557 9115 6 2295 383 10816|5 1807 279 23 16444 177 74 2083 23 84 332 74 9 16321 912 15385
5 1807 279 23 16444 177 74 2083 23 84 332 74 9 16321 912 15385|58 73 166 31 24 30 154 26 1 3315 245 74 8585 3166 15 6903 74 2083 7
58 73 166 31 24 30 154 26 1 3315 245 74 8585 3166 15 6903 74 2083 7|10406 722 542
23 11 1639 100 152 3426 724 793 10622|168 16 24 1 517 30 9 502 6 3365 9 2338 126 1185
168 16 24 1 517 30 9 502 6 3365 9 2338 126 1185|1 15 1 43 10830 6 2027 4712 87 211 349
16 14973 2798 1 6 7175 622 122 3214 63 45 7|24 317 23 108 57 22 772 38 24 30 35 4210 68 901 2863 108 3804
24 317 23 108 57 22 772 38 24 30 35 4210 68 901 2863 108 3804|328 199 1259 23 11 96 9219 63 19 1 5432
328 199 1259 23 11 96 9219 63 19 1 5432|23 11 267 25 4356 2620 2038 1 4890 1109 5852 2781 1 7762 1 1 15 22 383 4044 25 1538 184 4356
23 11 267 25 4356 2620 2038 1 4890 1109 5852 2781 1 7762 1 1 15 22 383 4044 25 1538 184 4356|23 11 33 6 4054 309 267 1504
23 11 33 6 4054 309 267 1504|6 8973 7175 622 429 87 6 2083 1
6 8973 7175 622 429 87 6 2083 1|12 11 6 164 98 23 11 4105 19 26 463
12 11 6 164 98 23 11 4105 19 26 463|60 53 23 11 58 12411 73 59 23 11 1639 100 1 724 793 10622 7
60 53 23 11 58 12411 73 59 23 11 1639 100 1 724 793 10622 7|10 124 4999 7395 101 29 2799 9 12559 15 3558 38 12 220 487 12049 4044 68 612 1 3642 19 26 2259
10 124 4999 7395 101 29 2799 9 12559 15 3558 38 12 220 487 12049 4044 68 612 1 3642 19 26 2259|43 4 498 23 11 1639 100 152 4978 67 58 35 70 5071 1 7
43 4 498 23 11 1639 100 152 4978 67 58 35 70 5071 1 7|108 183 1 22 67 10 6098 360 9 119 99 81 16
108 183 1 22 67 10 6098 360 9 119 99 81 16|183 47 22 236 8097
183 47 22 236 8097|56 4 19122 1793 15291 12
56 4 19122 1793 15291 12|12 11 37 55 4 30 126 419 998
5 218 12 19 27 2083|286 2847 20
43 4 196 1639 16 6001 7|4 151 204 1918 68 6 1 1 63
4 151 204 1918 68 6 1 1 63|5 55 27 1
2689 798 22 124 465 175 28 1439 19 954|328 12 11 27 2122 33 6 594 61 47 332 10 1
5 80 9 221 4 128|79 85 4 3633 10 322 55 20 87 6 352 1057 7
79 85 4 3633 10 322 55 20 87 6 352 1057 7|158 24 195 10 322 55 4
158 24 195 10 322 55 4|4 19122 1793 100 836 1608 86 11 111 3963 61 18 594 15 4 19122 1793 10 433 94
4 19122 1793 100 836 1608 86 11 111 3963 61 18 594 15 4 19122 1793 10 433 94|662 25 6 3176 1372 1 28 629 11 543 1171 782
662 25 6 3176 1372 1 28 629 11 543 1171 782|35 226 73 1334 10161 4540 12818 30 8180
35 226 73 1334 10161 4540 12818 30 8180|21 11 358 25 6 1479 22 487 358 25 6 5239
21 11 358 25 6 1479 22 487 358 25 6 5239|130 19070 15 4 5150 19 3918
130 19070 15 4 5150 19 3918|12 11 10 1343 401
12 11 10 1343 401|16 11 36
5 1 517 29 64 47 14|24 19122 1793 372 1164 1774 379 14
24 19122 1793 372 1164 1774 379 14|5 1 517 29 247 19 848 1774
5 1 517 29 247 19 848 1774|12 11 162 29 70 18 176 315
27 199 1391 86 78 3347 6190 76 100 4890 9106 41 10 275 144 175 4|4 19122 1793 16 2899 9 161 61 28 256 11 1586 4 84 2083 10163 74 7
4 19122 1793 16 2899 9 161 61 28 256 11 1586 4 84 2083 10163 74 7|57 951 2295 9 20 15 36 18 10 1733 57 373 10 1476 14
57 951 2295 9 20 15 36 18 10 1733 57 373 10 1476 14|21 11 833 27 539 1 20 15 78 12 177 74 326 16 5 39 6 70 4957 33 74 874
21 11 833 27 539 1 20 15 78 12 177 74 326 16 5 39 6 70 4957 33 74 874|73 85 4 50 28 422 33 10 8585 22656 7
73 85 4 50 28 422 33 10 8585 22656 7|87 26 170 229 1 5 499 19 10 1102
87 26 170 229 1 5 499 19 10 1102|23 8688 27 17344 462
23 8688 27 17344 462|27 256 11 1061 978 20 87 843 74 15 27 539
27 256 11 1061 978 20 87 843 74 15 27 539|23 1850 20 73 9 10163 19 87 549 1157 339 6 3546 276 282 8523
23 1850 20 73 9 10163 19 87 549 1157 339 6 3546 276 282 8523|43 4 347 9 302 238 5802 7 14
43 4 347 9 302 238 5802 7 14|420 55 24 19122 1793 37 6 120 908 19 10 368 952 45
420 55 24 19122 1793 37 6 120 908 19 10 368 952 45|35 70 45 14
233 98 24 50 9 6 4712 51 19122 1793 372 166 330|24 19122 1793 67 1989 117 98
24 19122 1793 67 1989 117 98|32 13 991 14
190 913 85 4 75 6 3832 1466 7|86 373 9 46 7
86 373 9 46 7|67 467 20
85 4 75 12 108 37 7|137 5 278 6 3832 94 528 10 206 58 5 178 5 107 209 98 9 291 27 4710 116
44 13 4 90 26 7|10 3832 1466 7
12 2662 5319 233 1133 455|11280 4382 20 177 10638 87 6 21259 1233 8541
11280 4382 20 177 10638 87 6 21259 1233 8541|1078 5036 43 33 838 19 6 10816 1669
1078 5036 43 33 838 19 6 10816 1669|6 2204 22 522 17890 10 1180 1838 5412
6 2204 22 522 17890 10 1180 1838 5412|129 20 6 2225
51 220 30 11591 342|649 88 38 90 35 1286
649 88 38 90 35 1286|24 1 1793 78 6 7692 33 6 1528 3365 2768
24 1 1793 78 6 7692 33 6 1528 3365 2768|51 36 1 9 18243 92 24 8523 6 1218
51 36 1 9 18243 92 24 8523 6 1218|6 2204 122 56 978 62 6 304 579
6 2204 122 56 978 62 6 304 579|5881 10 793 5900 7040
73 68 53 5 565 63 6 3832 15 4 119 6 1218 33 6 553 952 7|73 31 4 81 7
73 31 4 81 7|230 13 35 115 5 39 162 29 28 1391 19 1063
230 13 35 115 5 39 162 29 28 1391 19 1063|12 11 6256
4 78 126 436 7|4 125 29 1106
110 4 44 13 225|27 539 22 205 9 20
57 11 55 100 1347|5 39 37 767 19 4046 55 16
5 39 37 767 19 4046 55 16|137 5412 17890 477 602
137 5412 17890 477 602|21 11 16 7
21 31 6 1314 80 9 46 117 4969 25 7|73 101 5 46 7
73 101 5 46 7|51 323 61 14
5 1 1793 78 9 1517 16 322 86 1419 20|24 19122 1793 162 30 9 2967 6 304 10656
2204 122 1 87 3546 15 22 2371 2257 6 304 10656 579|47 11 35 115 51 4458 20 1486 88
47 11 35 115 51 4458 20 1486 88|51 516 8523 20 89 5 1 6 21259 1233 8541
51 516 8523 20 89 5 1 6 21259 1233 8541|304 98 332 10 97 338
304 98 332 10 97 338|329 12 67 1060 88
329 12 67 1060 88|4 44 702 56
2234 23 11 9053 63 6 14567 1384|23 11 78 624 22283 3165
23 11 78 624 22283 3165|51 1 517 54 760 245 28 349 338
51 1 517 54 760 245 28 349 338|1 10886 19 10 1 470 7
1 10886 19 10 1 470 7|23 11 2067
23 11 157 1235 114 258 18 1 1|182 33 82 2216
16 11 21 696 89 4 332 1 3165|6 8711 15 3801 43 170 8983 63
6 8711 15 3801 43 170 8983 63|12 11 35 332 7893 20 5 39 37 2923 9 126 870 1314 14
4 32 13 157 46 28 249 201 4 2677 326|44 4 222 28 212 11 367 108 92 4 109 716 7
44 4 222 28 212 11 367 108 92 4 109 716 7|31 4 30 126 3406 2850 7
31 4 30 126 3406 2850 7|31 4 222 148 7
31 4 222 148 7|23004 276 211 4491 43 58 6256
23004 276 211 4491 43 58 6256|1104 176 2026 19 603
1104 176 2026 19 603|24 6745 5 1697 168 6 3550 30 330 19
24 6745 5 1697 168 6 3550 30 330 19|2450 2517 429 19 87 6 97 6 404 18 4 54 19 6 582
2450 2517 429 19 87 6 97 6 404 18 4 54 19 6 582|6005 50 28 202 9 1 36 1858 5935 19 582 18 6 232
839 10 972 87 11280|24 1 1793 4696 84 6 94 6 805 800
24 1 1793 4696 84 6 94 6 805 800|58 86 22 23 7
58 86 22 23 7|23 3192 9 29 1 12647 14787 901 2243
23 3192 9 29 1 12647 14787 901 2243|40 10 1108 1 12577 561 1 15 4890 4100 18 11828
40 10 1108 1 12577 561 1 15 4890 4100 18 11828|23 299 177 1330 62 6 408 18 199 849
23 299 177 1330 62 6 408 18 199 849|10 2191 18 10 1 1 4082
10 2191 18 10 1 1 4082|68 10 492 384 6 1670 5267 18 6 4379 1 11032 11 4092 13857 48 9 995 6 1 810 825
68 10 492 384 6 1670 5267 18 6 4379 1 11032 11 4092 13857 48 9 995 6 1 810 825|15 19 3374 7
4912 10 480 3599 9639 19 14887 2915|28 5674 13659
24 1 1793 2092 82 352 2352 38 44 13 1 126 3365 40 1|26 322 11 67 236 7175 8267 113 6 7175 622
26 322 11 67 236 7175 8267 113 6 7175 622|73 11 1 210 7
73 11 1 210 7|23 11 97 15 1 16 4710 6936 40 1
23 11 97 15 1 16 4710 6936 40 1|58 73 68 6 7175 622 7
58 73 68 6 7175 622 7|21 11 23 55 7
21 11 23 55 7|23 11 55 10 7175 529
23 11 55 10 7175 529|2450 2517 19 1009
14535 10 15 1838 254|321 15 366 106
21 11 10 22746 1543 150 7|60 36 28 2850 68 28 256 539 15 1476 43 2034
60 36 28 2850 68 28 256 539 15 1476 43 2034|55 10 721
4 109 360 113 342 9 2083 10163 177 114 1139 7230|38 16 44 13 29
38 16 44 13 29|5 299 9 28 163 12 11 10 4850 11 959
5 299 9 28 163 12 11 10 4850 11 959|5 187 4
5 6097 12 168 24 4579|5 2092 6 2352
4 1 1793 96 598 47 25 540 469 231|4 1 1793 111 107 10 256 108 414
4 1 1793 111 107 10 256 108 414|28 433 120 4624 19 28 326
26 22 6 3506 4 1850 28 5750 4116|86 31 4 75 7
86 31 4 75 7|12 41 10 639 18 27 539
12 41 10 639 18 27 539|3482 55 100 1347
21 11 74 201 7|92 85 4 348 28 256 15 89 85 4 460 74 7
86 31 4 75 19 6 3506 7|538 12 11 36 10 644 89 69 5 50 27 152 1319 97 7
538 12 11 36 10 644 89 69 5 50 27 152 1319 97 7|1 40 117 4999 12306 120 722 2938 2420 30 194 96 3414 58 5 215 13 4377 347 9
1 40 117 4999 12306 120 722 2938 2420 30 194 96 3414 58 5 215 13 4377 347 9|5 39 160
157 22746 7897 15 1227 2720 76 1109 15 43 19362 3374 15 8088|6 1109 16 153 1 19 211 192 22 67 10 718 19 5027
6 1109 16 153 1 19 211 192 22 67 10 718 19 5027|21 11 10 1 210 91 6274 19 74 1615 98 7
21 11 10 1 210 91 6274 19 74 1615 98 7|73 166 30 4 96 210 12 7
73 166 30 4 96 210 12 7|363 13 4 285 18 6 792 7
363 13 4 285 18 6 792 7|21 53 6 1 32 13 203 7
21 53 6 1 32 13 203 7|5 351 5 1 517 386
5 351 5 1 517 386|108 183 4 84 572 20
108 183 4 84 572 20|4 32 13 30 9 29 45 4 46
58 21 11 12 55 9 1985 19 6 792 7|4 1 1793 247 6 6323 2521 198
4 1 1793 247 6 6323 2521 198|5 39 37 333 68 10 870 2549
5 39 37 333 68 10 870 2549|5 246 910 8034 12908 15 2715
5 246 910 8034 12908 15 2715|610 5 246 294
19 176 1141 774 3470 7|89 5 6117 97 9 6 3934 5 820 5 39 2697 342 269
89 5 6117 97 9 6 3934 5 820 5 39 2697 342 269|12 11 516 6 1
12 11 516 6 1|31 4 80 9 991 2084 1263 7
31 4 80 9 991 2084 1263 7|73 132 18 28 629 22 2804 7
73 132 18 28 629 22 2804 7|43 4 775 108 128 7
6 7208 1 19 117 2627 44 3408 99 63 19 1774|35 1 35 6930
16 11 79 24 44 310 305 366 25 695|94 122 100 543 1 702 9 940 126 677 1 13184
58 21 53 24 44 13 3099 276 2340 624 2035 14057|86 43 24 9 3087 7
86 43 24 9 3087 7|24 242 13 1663 117 2627 15 3457 146 9 2084 1263
24 44 991 38 24 84 30 9 129 97 117 1 2501 15 1 1944 9 6 1139|36 1 16 119 63 20 76 100 5239
36 1 16 119 63 20 76 100 5239|47 43 11810 14599 16 119 63 6 782 629 15 197
47 43 11810 14599 16 119 63 6 782 629 15 197|10 367 15 816 9 13982 11186 87 583 6 356 4 75 89 4 846 63 28 3406 2850 15 1586 68 28 879
10 367 15 816 9 13982 11186 87 583 6 356 4 75 89 4 846 63 28 3406 2850 15 1586 68 28 879|15 16 11 37 36
15 16 11 37 36|47 11 487 6 5311 9 5900 5564 10652 18 1109 87 100 8517 8541
47 11 487 6 5311 9 5900 5564 10652 18 1109 87 100 8517 8541|36 18 16 1 9 2826 10 10508 16 5948 20 15 1068 1937 9 27 1934
36 18 16 1 9 2826 10 10508 16 5948 20 15 1068 1937 9 27 1934|62 6 270 98 548 5 246 17307 7839 1230 10207
62 6 270 98 548 5 246 17307 7839 1230 10207|58 16 11 6 496 4 1438 28 629 6274 19 6 792 14
58 16 11 6 496 4 1438 28 629 6274 19 6 792 14|21 6 787 44 4 75 62 6 1660 19 16 2715 7
21 6 787 44 4 75 62 6 1660 19 16 2715 7|56 12 11 55 24 19122 1793 318 245 10 2515
56 12 11 55 24 19122 1793 318 245 10 2515|15 21 24 75 22 10 8568 3602
15 21 24 75 22 10 8568 3602|41 16 4 7
3365 635 9 13285 1372 254|13660 1 43 97 33 594
13660 1 43 97 33 594|15 514 629 11651 7
15 514 629 11651 7|15 514 629 11651 7
15 514 629 11651 7|21492 22 1713
59 9 27 485 19 793 455|5 317 5 1 517 291 6 1 63 9 1738
5 317 5 1 517 291 6 1 63 9 1738|68 722 542 384 10 1 2383 62 6 1 2471 19 17010 8618 10 1 629 33 514 249 1
68 722 542 384 10 1 2383 62 6 1 2471 19 17010 8618 10 1 629 33 514 249 1|89 6 1 1111 6 629 107 372 5629
89 6 1 1111 6 629 107 372 5629|24 171 61 1 15 22188 10 1 1255
24 171 61 1 15 22188 10 1 1255|10 1466 1450 3414 23 84 314 130 10 3092 239 33 6 3626
10 1466 1450 3414 23 84 314 130 10 3092 239 33 6 3626|15 6 629 41 476 45
15 6 629 41 476 45|1 22 22329 113 6 1139
1 22 22329 113 6 1139|36 211 1 2627 43 9022
36 211 1 2627 43 9022|24 1 1793 10 1 77 209 9 50 752 6 325 15672 38 16 11 37 6 120 778
24 1 1793 10 1 77 209 9 50 752 6 325 15672 38 16 11 37 6 120 778|18 198 47 167 13 10 782 1372 2383 19 514 326 38 47 3303 9 29 10 2083 648 19 514 12903 1372
18 198 47 167 13 10 782 1372 2383 19 514 326 38 47 3303 9 29 10 2083 648 19 514 12903 1372|12 13992 10 2083 594 16 11534 89 10 397 2083 22 11855
12 13992 10 2083 594 16 11534 89 10 397 2083 22 11855|38 47 11 35 998 18 6 1 16 11 1379 1
38 47 11 35 998 18 6 1 16 11 1379 1|19 126 388 357 24 7469 6 2083 8882 15 3704 177 12 24 44 13 29 136
19 126 388 357 24 7469 6 2083 8882 15 3704 177 12 24 44 13 29 136|5 144 50 97 9 581 33 12
375 170 3324 47 11 10 2083 19 16 629 31 51 7|79 37 7
157 10 7033 1971 44 30 10 884|1297 36 6 1 1 12358 16 43 22643 177 16 629
1297 36 6 1 1 12358 16 43 22643 177 16 629|5 215 13 29 1114 53 47 109 114 569 18 2083 19 47 104
5 215 13 29 1114 53 47 109 114 569 18 2083 19 47 104|76 4 19122 1793 208 4 32 13 46 38 805 1 11 629 41 487 219 113 1
76 4 19122 1793 208 4 32 13 46 38 805 1 11 629 41 487 219 113 1|37 120 74 487 2501 18 20 1 15 6005
37 120 74 487 2501 18 20 1 15 6005|24 487 2072 2340 1 14057 87 88
24 487 2072 2340 1 14057 87 88|1726 87 4 15 6 839 6 336 2084 429 40 10 1
1726 87 4 15 6 839 6 336 2084 429 40 10 1|16 11 79 24 19122 1793 36 58 1673 40 26 388 1
10 136 115 9 1378 821 9 11186|21 11 6 7338 45 7
21 11 6 7338 45 7|5402 167 13 6 3308 45
5402 167 13 6 3308 45|1 54 40 1 9 6 1 13802
1270 116 184 3386 9022 1 4196 9 1 11|1 6 15796 43 1 104
1 6 15796 43 1 104|5 39 1 10 8585 16157
5 39 1 10 8585 16157|268 5 1 517 3704 177 16 156
268 5 1 517 3704 177 16 156|22 16 690 7
79 37 8134 12 19 236 629 164 7|5 30 9 75 25 277 21 11 19 47
5 30 9 75 25 277 21 11 19 47|32 13 83 453 269 19 47 14
32 13 83 453 269 19 47 14|21 11 63 40 74 7
21 11 63 40 74 7|57 11 96 1579 3528 194 328 26 336 7175 622 388 607
57 11 96 1579 3528 194 328 26 336 7175 622 388 607|12 11 36 19 27 715
12 11 36 19 27 715|32 13 4 432 88 7
32 13 4 432 88 7|839 31 4 194 571 68 6 1 86 2230 200 596 28 1372 7
839 31 4 194 571 68 6 1 86 2230 200 596 28 1372 7|51 22961 2340 12020 1
51 22961 2340 12020 1|1104 176 19 2126 43 13605 9 1 20463
1104 176 19 2126 43 13605 9 1 20463|18 198 6 908 86 635 43 120 782
18 198 6 908 86 635 43 120 782|53 4 369 1513 47 11 35 408 9 12
53 4 369 1513 47 11 35 408 9 12|354 20 839 301 12922 18 6 23327 4946 22 45 9 75 4
354 20 839 301 12922 18 6 23327 4946 22 45 9 75 4|406 48 245
5 1 1793 274 16 1336 322 154|23 11 12922 6 5828 18 1968 2405 2084 1107 839
23 11 12922 6 5828 18 1968 2405 2084 1107 839|111 274 6 184 322 154 548
111 274 6 184 322 154 548|60 75 4 412
93 1 37 9 54 442 254|21 11 33 28 197 7
21 11 33 28 197 7|112 13 16 5779 1605 4 18 20 7
112 13 16 5779 1605 4 18 20 7|18 198 37
5 32 13 145 9081|21 110 7
1435 1 55 277 863 571 9 1149|183 5 623 10 166 98 384
183 5 623 10 166 98 384|15 5 39 67 100 9114 6036 18 10 1 1372 15 16705 629
15 5 39 67 100 9114 6036 18 10 1 1372 15 16705 629|108 183 47 111 41 10 397 20 19 6 164 214
108 183 47 111 41 10 397 20 19 6 164 214|4 1 1793 78 782 1372 8170 19 16 1 3903 18 417 15 4 19122 1793 2544 55 10 782 363 13 4 7
4 1 1793 78 782 1372 8170 19 16 1 3903 18 417 15 4 19122 1793 2544 55 10 782 363 13 4 7|122 431 942 274 211 249 1372 7
122 431 942 274 211 249 1372 7|6 120 156 16 461 20 246 782 22 6 115 5 39 2544
6 120 156 16 461 20 246 782 22 6 115 5 39 2544|43 4 14809 28 249 2083 7
43 4 14809 28 249 2083 7|21 53 10 1 1372 118 24117 514 249 2083 2826 10 884 113 1620 7
21 53 10 1 1372 118 24117 514 249 2083 2826 10 884 113 1620 7|21 118 4 2483 28 5989 19 238 33 110 7
21 118 4 2483 28 5989 19 238 33 110 7|16 11 7135
4 46 28 1154 9 75 21 11 596 16 156|58 635 12 61 40 28 2083 14
58 635 12 61 40 28 2083 14|24 19122 1793 380 740 202 58 83 11 182 26 886 255 24 7
24 1 1793 59 25 6 3166 19 16 629|4 1 517 29 4052 18 126 3241 4524 40 26
4 1 517 29 4052 18 126 3241 4524 40 26|6 1968 2047 11 5962
6 1968 2047 11 5962|2126 969 2572 13245 43 19 6 4968 6155 275 7 1590 9 6 3724 10 301 12922 87 6 23327 4946 15 10 1570 10312 106
2126 969 2572 13245 43 19 6 4968 6155 275 7 1590 9 6 3724 10 301 12922 87 6 23327 4946 15 10 1570 10312 106|50 20 6 9189 2352 18 211 2901
56 129 20 6 2183 1 2352 25 4968 6155 981|1 15 1
21 11 63 7 216 16 12922 322 30 10 856 505 1 629 7|35 47 363 13 126 1 19 2084 1107 76 51 3403 8105
35 47 363 13 126 1 19 2084 1107 76 51 3403 8105|14057 22 975 15 47 43 8064 21573 104
14057 22 975 15 47 43 8064 21573 104|110 157 53 6 184 322 22 10 1 6 722 18 88 337 280 13 5772 130 540 14666 1627
110 157 53 6 184 322 22 10 1 6 722 18 88 337 280 13 5772 130 540 14666 1627|6 2183 1 2352
87 6 6155 275 7|64 47 109 147 1906 318 1858 38 947 94 710 55 6 1180 9 702
64 47 109 147 1906 318 1858 38 947 94 710 55 6 1180 9 702|6 2126 6853 265 120 722 153
6 2126 6853 265 120 722 153|38 222 73 3271 6 1 33 6 2901 2022 43 7
38 222 73 3271 6 1 33 6 2901 2022 43 7|6 2022 359 10 534 793 553 650 175 1296 9 524 168 6 722 299 19
6 2022 359 10 534 793 553 650 175 1296 9 524 168 6 722 299 19|15 12 22 4890 9 332 1 1 596 1 12070
15 12 22 4890 9 332 1 1 596 1 12070|12 11 10 735 9538 18 6 2138 2126 665
12 11 10 735 9538 18 6 2138 2126 665|2084 1107 125 29 63 9 128
2084 1107 125 29 63 9 128|43 4 321 7
40 27 12840 1 2560|195 5 1605 4 16 12 11 100 665 18 3920 9 15996 1109 87 20 16 22 13293 9 26 226 8205 18 73 9022 12 22
195 5 1605 4 16 12 11 100 665 18 3920 9 15996 1109 87 20 16 22 13293 9 26 226 8205 18 73 9022 12 22|270 481 25 4
4231 6 10870 18 6 1968 5828 26 2160 1230 2084 1263 11 8961|18 198 24 30 35 5010 9 17097 53 47 11 10 77 496
18 198 24 30 35 5010 9 17097 53 47 11 10 77 496|1570 10312 7
6 316 22 6510 9 6 2804 2083 594 16 11 56 19 6 629|6 2863 18 6 1 22 3015 15 74 22 67 10 8973 6 316 425 12
6 2863 18 6 1 22 3015 15 74 22 67 10 8973 6 316 425 12|1190 20 9 1644 9 4
1190 20 9 1644 9 4|26 22 6 309 2818 1 19 6 1339 18 1 1063
26 22 6 309 2818 1 19 6 1339 18 1 1063|6 7175 622
28 153 62 2084 1263 234 841 74 203 104 19 16 2083 1 4364 12189 6 1968 2047 11 12399|328 74 3761 2084 1107 122 589 10 241 1072 15 122 96 1486 6 7175 622 11 2212
328 74 3761 2084 1107 122 589 10 241 1072 15 122 96 1486 6 7175 622 11 2212|24 171 337 10 3505 1426 1974 113 1570 10312
24 171 337 10 3505 1426 1974 113 1570 10312|51 21368 6 7692 33 6 7175 622 15 26 425 99 100 2701 18 74 1 15 2615 13970
51 21368 6 7692 33 6 7175 622 15 26 425 99 100 2701 18 74 1 15 2615 13970|13072 26 1 99 9 22121 10 7557 19 286 24 16748 74 3166 177 10 21819 629
13072 26 1 99 9 22121 10 7557 19 286 24 16748 74 3166 177 10 21819 629|4 2319 6 7175 622 9 3704 177 10 1 15 110 1268 74 397 629 7
4 2319 6 7175 622 9 3704 177 10 1 15 110 1268 74 397 629 7|65 16 11616 12 63
65 16 11616 12 63|57 67 264 9 59 9 28 463
57 67 264 9 59 9 28 463|57 11 8799 87 1042 15 51 1419 99 4010 74
57 11 8799 87 1042 15 51 1419 99 4010 74|16 11 79 24 84 55 9 90 74 97 1149
16 11 79 24 84 55 9 90 74 97 1149|5 294 4 30 35 5010
5 294 4 30 35 5010|67 236 14199 3685
4 69 37 161 10 3685 158 5 30 111 6251 10 629|79 43 74 1 33 7
79 43 74 1 33 7|79 112 13 4 95 58 154 7
79 112 13 4 95 58 154 7|36 19867 7717 43 840 142
36 19867 7717 43 840 142|6 629 11 1639 514 249 798 4712 5 3084 26 629 158 5 41 4120 9 5982 2084 1107 11 1 15796
6 629 11 1639 514 249 798 4712 5 3084 26 629 158 5 41 4120 9 5982 2084 1107 11 1 15796|1153 21 4 43 56 1 22 100 665 18 27 249 545 69
1153 21 4 43 56 1 22 100 665 18 27 249 545 69|76 10 1 192 1569 5 4678 2372 2781 5409
76 10 1 192 1569 5 4678 2372 2781 5409|10 1 192 1569 7
12 11 67 10 3166 25 3739 20296 12 44 487 29 10512 16 28 12422 22 140 124 175 10 3166 5089 9 6258 1620|192 22 55 10 1 579 716 19 100 12730 792 18 1109 15 192 89 5766 177 8060 1 730 23422 9 29 514 1319 1979
192 22 55 10 1 579 716 19 100 12730 792 18 1109 15 192 89 5766 177 8060 1 730 23422 9 29 514 1319 1979|58 94 22 100 5239 1319 1979 120 158 18 82 1 1319
58 94 22 100 5239 1319 1979 120 158 18 82 1 1319|15 10 1319 600 29 1 38 12 1 5167
15 10 1319 600 29 1 38 12 1 5167|89 6 1 18 22169 219 6 1 18 2850 677 4 151 30 589 514 1602 124 1932
28 9943 5323 35 1601 62 36 16 4 19122 1793 10 598 445 192 1569|8690 12 22 893 158 2551 2190 600 717 21 192 22
8690 12 22 893 158 2551 2190 600 717 21 192 22|86 6 787 22 26 7
86 6 787 22 26 7|157 53 4 31 30 10 2083 24 32 13 943 1537 9 3984
157 53 4 31 30 10 2083 24 32 13 943 1537 9 3984|4 3448 6 257 214 9 21854
4 3448 6 257 214 9 21854|98 22 181 33 27 535 5 1 1793 56 8344 6 4189 18 401 38 47 22 35 401 2504 19 26 463
98 22 181 33 27 535 5 1 1793 56 8344 6 4189 18 401 38 47 22 35 401 2504 19 26 463|21 22 12 7
9114 3327 7 5 149 37 100 9099|27 2615 201 22 3505 1 5 149 10 598 445 1 86 41 2860 19 6 792 18 1109
27 2615 201 22 3505 1 5 149 10 598 445 1 86 41 2860 19 6 792 18 1109|24 19122 1793 383 995 14
6 7175 622 11 330 14|21 19 288 11 201 43 28 2126 1416 210 7
21 19 288 11 201 43 28 2126 1416 210 7|21 19 288 11 201 43 28 2126 1416 210 7
474 6 2017 2213 56 14|2126 467 14
474 63 4 1980 14|1784 4 14
85 51 741 25 12 7|100 14567 349
10 1 215 13 157 2830 12|28 1 22 2292
137 13792 11 1 5 8308 10 1 1859 64 177 6 3067|241 515 637 7
304 98 4621 722 3165|83 11 1134
636 63 9 88 154 51 454 1858|5 39 15709 10 4748 4402 9 6 5828 18 1968 2405
5 39 15709 10 4748 4402 9 6 5828 18 1968 2405|161 74 15 715 9 20
161 74 15 715 9 20|15 4010 74 577 14
15 4010 74 577 14|2627 43 10 3851 1939
2627 43 10 3851 1939|24 1 517 50 74 236 70 87 1
24 1 517 50 74 236 70 87 1|1 15 1 43 19 8786 18 6 1
1 15 1 43 19 8786 18 6 1|51 67 840 33 9 1
51 67 840 33 9 1|538 4 109 20177 79 112 13 4 19264 7
538 4 109 20177 79 112 13 4 19264 7|53 24 1648 1 694 56 24 172 37 29 595 9 5494 26 9 2084 1107
53 24 1648 1 694 56 24 172 37 29 595 9 5494 26 9 2084 1107|2084 1107 7
342 11 1639 6 270 1 1 20274 76 365 1180 1 12 11 120 360 113 117 153 11800 19 2084 1025 15 113 2084 1107 5 75|58 2084 1107 1861 6 7175 622 177 10 1 629
58 2084 1107 1861 6 7175 622 177 10 1 629|245 1 86 696 9 29 4184 1 40 2084 1263
245 1 86 696 9 29 4184 1 40 2084 1263|15 89 57 21256 9 29 10 192 1569 15 6952 5409 51 12464 74
15 89 57 21256 9 29 10 192 1569 15 6952 5409 51 12464 74|38 79 31 262 10 156 7 5 84 30 2628 74 130 53 51 425 20 10 13865
38 79 31 262 10 156 7 5 84 30 2628 74 130 53 51 425 20 10 13865|21 53 51 109 797 57 84 83 114 2718 61 7
21 53 51 109 797 57 84 83 114 2718 61 7|57 85 1289 128 68 10 2615 201 3505 1
57 85 1289 128 68 10 2615 201 3505 1|5 1 517 186 6 1405 558 9 4
5 1 517 186 6 1405 558 9 4|76 25 7893 6 1 15 1 998 7
30 6 2876 204 36 10661 40 1968 5828 108 772 7230 33 211 4675 11463|524 36 4373 15 486 63 1
524 36 4373 15 486 63 1|4012 36 2409 4899
15 50 1 97 45|50 20 6 4597 18 6 94 86 41 40 12922 87 6 2901 2352
50 20 6 4597 18 6 94 86 41 40 12922 87 6 2901 2352|2356 126 7692 6228 10 2615 201 2044 33 148 12189 6 5828 18 1968 2405 428 3505 1
2356 126 7692 6228 10 2615 201 2044 33 148 12189 6 5828 18 1968 2405 428 3505 1|22 47 126 605 87 6 995 2450 7
22 47 126 605 87 6 995 2450 7|51 67 707 1858 10 250 384
51 67 707 1858 10 250 384|51 1 517 1765 6 4383 19 68 848 455
51 1 517 1765 6 4383 19 68 848 455|119 136 51 223 4012 25 126 5326
5 32 13 225 148 573|79 101 6 7175 622 1455 9 314 9 2084 1263 7
79 101 6 7175 622 1455 9 314 9 2084 1263 7|37 136 38 47 125 29 10 496 16 11 1406 117 2320 5 32 13 46
37 136 38 47 125 29 10 496 16 11 1406 117 2320 5 32 13 46|183 57 122 6 1 25 342 47
5 1 1793 96 1 200 19 6 5828 18 1968 2405 4198|5 81 5 323 114 10647 3606 18 1109 25 653
5 81 5 323 114 10647 3606 18 1109 25 653|159 5 1 517 2557 9 100 1 5144
159 5 1 517 2557 9 100 1 5144|254 56 7
60 45 11 6 7791 33 16 322 86 1850 63 40 12922|23 11 100 772 897 1570 10312
23 11 100 772 897 1570 10312|326 18 13759 3223 62 1 567
326 18 13759 3223 62 1 567|10 837 1 19 6 1099 18 9099
10 837 1 19 6 1099 18 9099|23 1974 10 3505 25 6 5828 18 1968 2405 15 86 31 4 81 41 6 1547 1 33 82 1426 7
23 1974 10 3505 25 6 5828 18 1968 2405 15 86 31 4 81 41 6 1547 1 33 82 1426 7|50 9 6 579
21 11 22257 20 22 16 26 3505 1647 540 443 154 6 7175 622 4105 33 6 1279|10 1 154 7
38 297 13 12 10 3505 486 63 9 4010 6 7175 622 7|60 260 26 70
51 2059 109 3205 6 7175 622 38 183 12 41 37 9 4010 74 38 9 18344 74|89 16 2083 1 4364 264 40 6 2047 11 12399 12 41 6 1 16 267 100 354 9 1 1
89 16 2083 1 4364 264 40 6 2047 11 12399 12 41 6 1 16 267 100 354 9 1 1|183 24 1 1793 96 589 25 10 728
183 24 1 1793 96 589 25 10 728|21 53 26 7175 622 22 170 114 569 18 10 8661 6 1 4479 9 50 211 115 40 193 15 1667 51 423 1163 18 12 7
21 53 26 7175 622 22 170 114 569 18 10 8661 6 1 4479 9 50 211 115 40 193 15 1667 51 423 1163 18 12 7|58 51 43 19 10 368 9 50 12 97
58 51 43 19 10 368 9 50 12 97|16 101 717 79 51 299 9 262 14847 9 10270 6 629 87 2084 1263
16 101 717 79 51 299 9 262 14847 9 10270 6 629 87 2084 1263|53 6 7175 622 7316 26 9 6 272 47 84 29 70 787 18 100 4054 6255
53 6 7175 622 7316 26 9 6 272 47 84 29 70 787 18 100 4054 6255|12 215 13 120 29 6 1968 2047 86 84 599 82 324
12 215 13 120 29 6 1968 2047 86 84 599 82 324|126 2279 33 16 3505 7
51 1 1793 7573 36 5900|5 44 120 93 4 6 2389 201
32 13 83 88 46 4 19122 1793 318|4 78 12
3505 1 6 7175 622 896|2204 122 11591 10 553 5412
51 1 1793 1864 63 9 10 611 11612 5935 33 6 22312 12 7688 55 51 19122 1793 961 128 87 6 1|477 51 19122 1793 12770 150
477 51 19122 1793 12770 150|58 22 6 611 11612
58 22 6 611 11612|10 4383 7
1386 108 183 16 11 21 51 80 99 9 81|1 7 5 1 517 90 252 18 6 11612
1 7 5 1 517 90 252 18 6 11612|73 31 4 46 16 11 28 94 7 22 47 10 5650 19 28 2083 150 7
2204 2469 22 296 142 1 15 961 2257 6 152 361|35 1858 1230 722 10932
4 112 13 30 9 54 16 407|72 190 14
216 10 944 3563 55 16 195 10 356 7|6 5130 503 26 490 18 152 361 6 8758
6 5130 503 26 490 18 152 361 6 8758|79 59 9 100 4407 214 55 26 7
79 59 9 100 4407 214 55 26 7|51 135 13 59 45 276 10 496
51 135 13 59 45 276 10 496|183 51 19122 1793 2371 61 9 792 113 626 108 9733 108 12 11 100 7800
183 51 19122 1793 2371 61 9 792 113 626 108 9733 108 12 11 100 7800|32 13 4 81 4 504 9 159 25 13285 7
47 11 10 496 5 44 13 159|90 20 1274 16 1024 3520 87 6 792 535
90 20 1274 16 1024 3520 87 6 792 535|5 1 517 223 45 9 182 409 15 1 6919 357 24 314 886 18 4896 53 4 1245 341 50 28 2122 1921 45
5 1 517 223 45 9 182 409 15 1 6919 357 24 314 886 18 4896 53 4 1245 341 50 28 2122 1921 45|614 6 5230 56 14
614 6 5230 56 14|31 12 14
12 11 10 3232 14|746 61 56 14
159 43 4 91 9 90 33 6 3232 113 238 7|26 220 29 117 199 393 9 50 6 7175 622
26 220 29 117 199 393 9 50 6 7175 622|6 839 430 21 12 22 56 15 23 1 517 120 332 12 9 2593 40 5 1 517 111 30 236 393 9 3704 177 12 14
5 32 13 46 21 6 787 4 19122 1793 333 68|21 2753 31 4 30 7
21 2753 31 4 30 7|100 694 1940 15 10 3432 2517
100 694 1940 15 10 3432 2517|4 44 13 427 10 3232 40 176 14
4 44 13 427 10 3232 40 176 14|160 38 5 39 17105 142 25 10 305
160 38 5 39 17105 142 25 10 305|190 62 564 159 357 5 50 47
190 62 564 159 357 5 50 47|805 14 5 1560 4 9 746 61 14
805 14 5 1560 4 9 746 61 14|137 5 69 38 4 504 9 46 16 793 1 43 3520
137 5 69 38 4 504 9 46 16 793 1 43 3520|51 135 13 467 27 206
51 135 13 467 27 206|5 39 2723 61 56
5 39 2723 61 56|130 15 61
68 1789 98 6 3165 907 61|4 19122 1793 442
21 85 4 332 67 56 7|100 12410 2394 87 6 2955 2084
100 12410 2394 87 6 2955 2084|15 56 12 11 490 18 27 890 3800
15 56 12 11 490 18 27 890 3800|5 41 379 1 1 5 107 9 50 12
5 41 379 1 1 5 107 9 50 12|28 1372 488 266
12 11 10 77 156 26 22 10 944 349|37 10 2830 33 12
37 10 2830 33 12|1751 25 10 3704
5 39 91 9 54 19 56|36 6919 87 6 3383 122 96 19963
36 6919 87 6 3383 122 96 19963|8307 6 553 1128 18 6 896 15 1978 40 6 4205 18 6 2204
380 43 1051 10 856 2627|332 1 3165 89 2510
332 1 3165 89 2510|17695 953 177 5371 6052
17695 953 177 5371 6052|1134 17013 1 11651
44 4 218 20 7 12 172 37 29 132 332 38 5 1 517 11672 28 3704 245 74 1372|5 44 13 157 129 4 97 63 19 10 214 55 26
53 12 420 55 4 1 1793 330 19 104 407 5 39 2723 6 5887 15 473 4 163|328 24 1 1793 59 26 407 5 220 76 60 223 45 38 5 32 13 1441 9 386 40 74
328 24 1 1793 59 26 407 5 220 76 60 223 45 38 5 32 13 1441 9 386 40 74|5 39 91 19 56
5 39 91 19 56|5 1 1793 1674 74 1099 18 4136
57 11 18059 27 15266 6543|15 57 11 56 596
15 57 11 56 596|27 2615 201 22 3505 1
27 2615 201 22 3505 1|25 9640 16953 15 3327 1
25 9640 16953 15 3327 1|5 30 12995 12124 177 7228 4491 19 505 9 1 6 13759 2181 18 783 21598 15 8207 11834
5 30 12995 12124 177 7228 4491 19 505 9 1 6 13759 2181 18 783 21598 15 8207 11834|983 27 15868 245 36 6 1 5 30 1857 2287 18 27 3818
983 27 15868 245 36 6 1 5 30 1857 2287 18 27 3818|27 1 11351 20 76 10 5710 15 5662 9 1 20 113 1 20 19 27 3707 629
27 1 11351 20 76 10 5710 15 5662 9 1 20 113 1 20 19 27 3707 629|43 4 17013 74 108 22 57 17013 4 7
5 1 1793 1015 3111 9 5144 177 4|5 30 10426 58 132 98
5 30 10426 58 132 98|4 109 318 25 20 7 5 41 2287 18 4 166 154 4 109 2287 18 20
4 109 318 25 20 7 5 41 2287 18 4 166 154 4 109 2287 18 20|245 6 5088 9968 16 4 1 5 487 1229 18 2084 1263
245 6 5088 9968 16 4 1 5 487 1229 18 2084 1263|79 85 4 314 9 2084 1263 7
79 85 4 314 9 2084 1263 7|5 3084 26 629 158 5 41 4120 9 5982 2084 1107 11 1 15796
5 3084 26 629 158 5 41 4120 9 5982 2084 1107 11 1 15796|38 12 41 18 27 249 545 69 16 5 531 9 1324 62 2084 1263
38 12 41 18 27 249 545 69 16 5 531 9 1324 62 2084 1263|190 21 43 4 333 68 7
190 21 43 4 333 68 7|5 44 13 11672 4 14
5 44 13 11672 4 14|79 20 7
730 14498 28 2701 47 22 128 16 5 80 9 221 18 4|5 206 277 100 3096 192 1569 38 19 27 648 725 5 39 196 14364
5 206 277 100 3096 192 1569 38 19 27 648 725 5 39 196 14364|158 6 5674 192 12542 4746 18 1 15 1154 32 13 2720 19 27 1979
158 6 5674 192 12542 4746 18 1 15 1154 32 13 2720 19 27 1979|38 4 44 186 10 2391 18 238
38 4 44 186 10 2391 18 238|10 2391 22 140 124 175 10 2391
10 2391 22 140 124 175 10 2391|47 22 10 4189 16 10 1312 10622 118 1362 100 1412 486 18 12818 15 5800 31 37 129 1937 9 8221 15 1
47 22 10 4189 16 10 1312 10622 118 1362 100 1412 486 18 12818 15 5800 31 37 129 1937 9 8221 15 1|9 24547 70 11 3818
9 24547 70 11 3818|192 1160 9 1 15 62 478 9382 26 1
192 1160 9 1 15 62 478 9382 26 1|8170 54 245 10 12542 18 1 15 1
8170 54 245 10 12542 18 1 15 1|89 51 386 51 8265 6 1412 1319
89 51 386 51 8265 6 1412 1319|530 120 6 23422 554
530 120 6 23422 554|26 22 10 8406 12017 400 3555 1
26 22 10 8406 12017 400 3555 1|9 2338 16 3826 4 80 9 30 1 15 1
9 2338 16 3826 4 80 9 30 1 15 1|38 73 7
24 69 380 22961 454 38 47 22 140 25 525 18 99 9 599|168 6 1 12 151 29 893 25 99 9 1661 426 184
2204 19 1086 1 15 5459 1713|458 62 69 89 1 22 19 15159
458 62 69 89 1 22 19 15159|157 53 24 1 21 11 91 9 456 89 5 386 7
157 53 24 1 21 11 91 9 456 89 5 386 7|27 23422 135 13 1324 157 76 5800
27 23422 135 13 1324 157 76 5800|4 69 2080 117 20799 12695 177 6 4198 67 76 6577 186 554 211 23422
342 11 9129 87 6 560 12 44 13 29|117 13471 2615 22 837 810
117 13471 2615 22 837 810|70 124 156
44 4 3061 16 5 69 196 29 277 7|47 167 13 70
153 454 15 28 8328 9 1324 238 69 1223 9 1 4|70 199 555
79 85 4 565 20 7|158 24 43 124 2910 175 4 940
158 24 43 124 2910 175 4 940|55 6 397 156 15 514 2515 3602
5 149 4524 9 10 5564 8541|9 4 86 30 37 1 12 172 1661 12 1145 76 580
9 4 86 30 37 1 12 172 1661 12 1145 76 580|36 6145 2620 99
24 30 96 1 33 5109 18757 38 6 98 122 59 9 490 40 88 15 291 117 11651 9 10 2438 2035|164 2204 3646
793 1 3520 62 624 1738|51 19122 1793 87 2084 1263 7
51 19122 1793 87 2084 1263 7|10781 7636 9429
36 4680 1751 9 4370|1 7 14
477 4 19122 1793 1015 2104|5 195 25 4 9 1451 20 19 33 6 1231 15 100 4215 25 26 629
5 195 25 4 9 1451 20 19 33 6 1231 15 100 4215 25 26 629|60 5 112 13 30 132 98
60 5 112 13 30 132 98|12 41 6 120 156 5 118 161 33 6 671 1703
12 41 6 120 156 5 118 161 33 6 671 1703|12 11 37 27 1439
12 11 37 27 1439|60 168 36 6 2649 2084 1263 1850 63 40 8554 15 992 63 21 5547 18 6 722 1 2627 15 20
60 168 36 6 2649 2084 1263 1850 63 40 8554 15 992 63 21 5547 18 6 722 1 2627 15 20|5 84 95 16 41 68 659 542 384
5 84 95 16 41 68 659 542 384|6 388 22 282 4220 142 6 1108 25 8064 1817 76 1296
6 388 22 282 4220 142 6 1108 25 8064 1817 76 1296|2084 1263 6465 16 12 41 10 10981 4364 15 19 658 6 1968 2047 7640
2084 1263 6465 16 12 41 10 10981 4364 15 19 658 6 1968 2047 7640|12922 22 282 5805 15 12 2203 19 10 1378 229 15 4871
12922 22 282 5805 15 12 2203 19 10 1378 229 15 4871|205 11 10151 25 662 28 152 3903
205 11 10151 25 662 28 152 3903|60 5 81 16 68 6008 12
60 5 81 16 68 6008 12|398 11 78 77 1439
398 11 78 77 1439|22 26 28 690 232 7
4 19122 1793 6 164 640 9 194 59 45|15 4 19122 1793 633 9 223 76 166 76 4 55
15 4 19122 1793 633 9 223 76 166 76 4 55|240 38 5 149 91
240 38 5 149 91|190 69 4 93 20 21 6 147 18 4 990 68 7
190 69 4 93 20 21 6 147 18 4 990 68 7|22 57 5 145 22 57 196 596 18 4 7
22 57 5 145 22 57 196 596 18 4 7|1 31 4 222 16 816 4 271 33 6 792 114 98 384 7
1 31 4 222 16 816 4 271 33 6 792 114 98 384 7|47 11 124 9 6 4639
47 11 124 9 6 4639|89 5 41 10 438 27 1524 41 16 18 10 438
89 5 41 10 438 27 1524 41 16 18 10 438|27 1586 15 2090 104 109 176 18 10 438
27 1586 15 2090 104 109 176 18 10 438|56 16 5 30 660 10 94 5 490 40 6 438 55 1349
56 16 5 30 660 10 94 5 490 40 6 438 55 1349|947 6 3166 428 6 7175 622 957 6 239 575 76 6 805 43 35 650 45
947 6 3166 428 6 7175 622 957 6 239 575 76 6 805 43 35 650 45|19 6 235 1516 18 27 2693 47 43 114 349 2132
19 6 235 1516 18 27 2693 47 43 114 349 2132|90 6 70 4 55
90 6 70 4 55|6 2615 22 1 7
6 2615 22 1 7|16 44 29 117 890 7637 89 24 348 426 184 150
16 44 29 117 890 7637 89 24 348 426 184 150|60 92 255 5 54 7
60 92 255 5 54 7|6 4198 22 5564 15 8517
6 4198 22 5564 15 8517|3549 13968 19 1056 772 871 113 1 1
3549 13968 19 1056 772 871 113 1 1|612 3376 2097 16449
24 19122 1793 372 379 38 118 4 127|6 8783 22 47
5 44 13 31 148 25 4|159 357 6 502
127 14 12 11 105 465 25 99 12 11 67 4213|6 507 22 58 1762
6 507 22 58 1762|127 119 100 4892
25 6 754 86 1090 6207|38 29 471
15 223 554 6 3286|32 13 90 126 3877 357 6 502
32 13 90 126 3877 357 6 502|23 11 935 130 47
23 11 935 130 47|23 11 1101 6 265 167 13 23 7
23 11 1101 6 265 167 13 23 7|23 420 76 53 398 107 2024 100 1 130 48
23 420 76 53 398 107 2024 100 1 130 48|23 1090 26 258 18 507
23 1090 26 258 18 507|15 23 1090 6 597 104
15 23 1090 6 597 104|58 31 5
240 9 16 117 879 420 105 1591|69 4 460 20 7
69 4 460 20 7|4 19122 1793 61 18 28 197 14
4 19122 1793 61 18 28 197 14|101 5 29 10933 9 4 53 5 723 13 7
101 5 29 10933 9 4 53 5 723 13 7|6262 4819 13093
983 176 147 315 24 1 1793 3111 9 1184 1141 596 18 6262|13255 620 981 18 2936 15 2327
13255 620 981 18 2936 15 2327|21 10 10508 18 1
21 10 10508 18 1|981 18 2908 15 184 3913 6025
981 18 2908 15 184 3913 6025|5 81 176 153 1144 282 16428
5 81 176 153 1144 282 16428|4 44 75 6 5044 15 1 19 233 1303
4 44 75 6 5044 15 1 19 233 1303|6 2085 165 99 1250 117 8616
6 2085 165 99 1250 117 8616|1 172 13004
2106 9 2523 69 37 29 10 4602 670|26 22 37 10 9520 396
26 22 37 10 9520 396|12 22 10 3335 1
12 22 10 3335 1|1 4 19122 1793 8643
1 4 19122 1793 8643|26 22 170 1511 3376
26 22 170 1511 3376|67 1406 6 582 594
67 1406 6 582 594|12 11 2692 21 4 19122 1793 587 20
12 11 2692 21 4 19122 1793 587 20|28 153 62 6 1699 32 13 237 21 51 218 426 98 51 19122 1793 187 68 16
28 153 62 6 1699 32 13 237 21 51 218 426 98 51 19122 1793 187 68 16|1 93 99 21 4 30 274
1 93 99 21 4 30 274|57 234 9 20 6 184 138 282 1171 423
57 234 9 20 6 184 138 282 1171 423|129 26 615 9 6 469 5076 4434
129 26 615 9 6 469 5076 4434|2783 2875 624 1138
26 115 12 1 517 516 1184 2142 132 1619|6 239 664 438 6 152 94 16 4256 3400
24 19122 1793 3360 4 35 14|10 362 239 100 152 94
10 362 239 100 152 94|391 11 1035 13931 179 2548 1525 1549 179 2548 1550 4750 10 438 58 298
239 11 6216 57 11 1873|27 10378 14
51 869 6 470 9 6 326|6 239 11 1873
5 39 3360 4 14|6 878 1 3478 10 3668 1479 19 74 1039 37 407 87 45
6 878 1 3478 10 3668 1479 19 74 1039 37 407 87 45|10 1479 1 18 436 152 153 447 15 202
10 1479 1 18 436 152 153 447 15 202|51 371 233 70 18 88 40 10 1312 1
16 11 74 433 15 74 638|47 43 184 7155
51 43 76 782 76 24 43|5 44 13 225 26 1 4392
5 44 13 225 26 1 4392|51 178 18 99 76 18 1
51 178 18 99 76 18 1|5 196 218 211 306 2763
5 196 218 211 306 2763|47 22 120 70 3417
47 22 120 70 3417|2561 125 386
19 6 1216 18 6 396 7|21 68 6 3128 7
21 68 6 3128 7|23 11 372 1050 12 25 868 478 14
23 11 372 1050 12 25 868 478 14|24 44 13 3270 126 650
24 44 13 3270 126 650|224 7624 14
114 315 1324 19 117 1319 1032|2722 89 24 43 4120 9 225 117 2090 15 752 3816
2722 89 24 43 4120 9 225 117 2090 15 752 3816|5 1 1793 111 178 68 27 203 15 27 192 76 132 76 5 31 56
5 1 1793 111 178 68 27 203 15 27 192 76 132 76 5 31 56|5664 22408 6454 13679
2561 22 10 308 18 10 2449|4745 48 14
23 227 13 46 21 23 11 498|23 11 115 104 775 14
23 11 115 104 775 14|23 3180 1792 18 117 153 386 19 26 1789 19861
23 3180 1792 18 117 153 386 19 26 1789 19861|5 32 13 129 10 1328 68 16
5 32 13 129 10 1328 68 16|23 227 13 252 68 88
23 227 13 252 68 88|501 1 127 746 238 337
501 1 127 746 238 337|23 11 6 810 945 839
23 11 6 810 945 839|4 84 144 37 1289 12 58 1762 1845 501
4 84 144 37 1289 12 58 1762 1845 501|5 1 1793 9 93 398 68 16 14
5 1 1793 9 93 398 68 16 14|108 269 5 1 517 6212 14
108 269 5 1 517 6212 14|16 18391 1790 2179 120 68 529
16 18391 1790 2179 120 68 529|153 43 647 140 9 48 14
5664 3798 22 10 1670 3826|12 11 10 782 3826 76 60
53 120 4 107 575 6 1577 6 810 945 1416 46|44 24 180 68 16 737 269 7
44 24 180 68 16 737 269 7|83 11 54
5 44 75 117 9481 2178 177 6 1141 21245 38 5 39 10866|27 203 62 6 1699 22 1
27 203 62 6 1699 22 1|5 1 517 1951 10 3633 9 6 7556 582
5 1 517 1951 10 3633 9 6 7556 582|5 44 13 31 148 269
5 44 13 31 148 269|17376 179 537 2548 4252 179 537 2681 2255 1 3749 13679
17376 179 537 2548 4252 179 537 2681 2255 1 3749 13679|73 85 4 50 45 7
43 4 87 2016 7|4 104 7
37 261 167 13 12 7|127 30 10 1284
16 11 79 5 234 45|4 135 13 7039 148 61 45
4 135 13 7039 148 61 45|117 7556 4531 122 2621 514 408
25 288 11 925 14|32 13 386
32 13 386 1 14|79 242 13 4 3838 9 20 7 14
79 242 13 4 3838 9 20 7 14|90 10 102 62 26
24 109 751 9 186 709|5 39 160
19 6 1670 831 19 1|24 3111 9 572 70 18 28 411
24 3111 9 572 70 18 28 411|70 18 27 411 7
70 18 27 411 7|4 151 29 306 9 29 577
4 151 29 306 9 29 577|24 723 13 802 4 6 3773 393
24 723 13 802 4 6 3773 393|51 1 1793 372 428 4 281 19 2707
21 30 51 247 9 4 7|1127 6 11070 10 1312 4233 22 10 511
1127 6 11070 10 1312 4233 22 10 511|5 44 13 157 2884 28 1805
5 44 13 157 2884 28 1805|4 1 1793 423 16 356
4 1 1793 423 16 356|51 107 9 23371 12 97 19 1
51 107 9 23371 12 97 19 1|21 68 6 807 835 7
21 68 6 807 835 7|51 12169 18 6 356
51 12169 18 6 356|15 58 51 85 40 6 807 835
15 58 51 85 40 6 807 835|36 5 44 31 22 9 260 9 1 26 94
36 5 44 31 22 9 260 9 1 26 94|5 151 30 247 12 10 166 98 384
5 151 30 247 12 10 166 98 384|4 30 9 5512
79 149 5 37 1658 9 90 142 27 3267 7|24 32 13 80 9 186 126 3389 33 6 720 4741
6 8783 8753 2561 22 281 1|10 7349 1
6 8783 8753 2561 22 281|4 44 13 31 26 14
4 44 13 31 26 14|24 1 1793 78 35 1167
24 1 1793 78 35 1167|6 402 51 2072 26 23 69 30 96 372 281
6 402 51 2072 26 23 69 30 96 372 281|72 27 288
10 7349 1 18 14386 1 359 2181 18 6 1231 15 85 10 805 931 9 6 1062 923 33 6 582 594|38 16 11 37 358
38 16 11 37 358|227 13 226 897 375 151 46 86 11 1431 25 6 725 1
227 13 226 897 375 151 46 86 11 1431 25 6 725 1|19 26 6365 402 6 3885 30 898 9 1644 7408 16 43 1065 25 19088 505 15 1000
21 68 6 2470 7|12 11 104 379
216 57 290 45 7|53 57 85 5 84 30 575 12
53 57 85 5 84 30 575 12|21 258 18 467 22 16 7
5 39 16736 2097 1|15 16 11 16736 2097 16449
614 88 53 51 260 9 1010 14|6749 6 232 15 1155 36 6 23517
6749 6 232 15 1155 36 6 23517|16 41 524
5 39 170 285 18 1154 33 6 5953|24 30 9 1290 36 6 2470 15 875 6 1
24 30 9 1290 36 6 2470 15 875 6 1|5 46 1
5 46 16 24 36 43 6971 117 697 45|4 44 196 186
15 5 32 13 80 9|1 3615 14313
6 436 234 9 95 77 138|86 373 9 29 6 164 70 7
86 373 9 29 6 164 70 7|77 138 780
83 288 90 252 18 4|4 44 54 9 28 4078 56
4 44 54 9 28 4078 56|77 138 244 322
21 31 4 195 16 470 25 7|67 19 388
6 257 153 546 13 161 88|22 47 128 269 7
22 47 128 269 7|43 4 1048 62 20 7
43 4 1048 62 20 7|21 98 216 6 497 186 7
21 98 216 6 497 186 7|1590 9 6 6450 1267 62 899 659
1590 9 6 6450 1267 62 899 659|12 135 13 159
6 1732 43 12087 157 983 6 396|4 19122 1793 8643
108 183 5 39 67 498 16 19 505 37 9 81 68 128 269|21 31 4 145 7
21 31 4 145 7|260 9 317
5 44 13 93 4 148 124|5 39 37 1658 9
5 39 37 1658 9|148 124 7
4 112 13 93 20 148 62 36 14|4 2338 6 1596 76 419 76 4 44
4 2338 6 1596 76 419 76 4 44|5 46 16 4 19122 1793 2167 128 38 5 32 13 30 6 3773 327 21 12 22
5 46 16 4 19122 1793 2167 128 38 5 32 13 30 6 3773 327 21 12 22|32 13 4 646 20 573 7
32 13 4 646 20 573 7|12 11 37 68 646 38 68 2442
12 11 37 68 646 38 68 2442|43 4 683 10 1650 7
43 4 683 10 1650 7|36 5 80 22 26 396 9 408
36 5 80 22 26 396 9 408|85 4 81 68 20 7
85 4 81 68 20 7|15 68 28 436 7
15 68 28 436 7|5 31 16 36 6 98
5 31 16 36 6 98|44 13 4 225 16 5 32 13 80 9 599 4 7
44 13 4 225 16 5 32 13 80 9 599 4 7|4 19122 1793 27 364
4 19122 1793 27 364|4 43 335 40 20 37 40 6 4332
4 43 335 40 20 37 40 6 4332|12 11 68 99 76 60
12 11 68 99 76 60|47 11 37 132 99 19 26
47 11 37 132 99 19 26|12 11 480 838 15 698
12 11 480 838 15 698|5 39 2219 63 40 26
5 39 2219 63 40 26|4 1 1793 707 10 275
4 1 1793 707 10 275|89 5 102 62 4 5 81
89 5 102 62 4 5 81|26 22 37 27 364
26 22 37 27 364|4 1402 10 17163 67 55 6 404 18 88
4 1402 10 17163 67 55 6 404 18 88|21 216 12 226 914 12 11 4392 108 6 69 9 873 6 272 16 5379 4 7
21 216 12 226 914 12 11 4392 108 6 69 9 873 6 272 16 5379 4 7|5 41 181 58 920 18 4 158 4 109 58 549
5 41 181 58 920 18 4 158 4 109 58 549|38 12 11 35 124
38 12 11 35 124|4 19122 1793 67 55 6 583
4 19122 1793 67 55 6 583|21 24 19122 1793 210 22 25 2016
21 24 19122 1793 210 22 25 2016|58 31 67 70 156 25 20 15 120 25 20
5 1 517 31 205 16 11 19 27 220 19 505 9 3099|16 11 37 209 25 20
16 11 37 209 25 20|5 44 13 609 4 148 124
5 44 13 609 4 148 124|58 54 97 9 2142 15 31 21 4 81 22 64
58 54 97 9 2142 15 31 21 4 81 22 64|4 221 6 893 87 20
4 221 6 893 87 20|58 31 4
31 4 170 80 9 2273 20 77 446 55 16 7|16 11 21 4 267 12 9 102 55
16 11 21 4 267 12 9 102 55|5 112 13
2142 1 1437 3615 14313|44 4 260 864 27 256 150 7
44 4 260 864 27 256 150 7|19 10 402 1845 16736
19 10 402 1845 16736|1845 16736 501 1 22 8852 4 19 82 5762
1845 16736 501 1 22 8852 4 19 82 5762|5 39 243
77 621 1 2097 1 781|5 84 55 9 389 40 6294 16736
5 84 55 9 389 40 6294 16736|5 1 517 93 1845 16736
28 212 19 561 143 16 28 256 107 330 9 6 5127 40 6 436|57 44 13 50 19 703 40 74
101 4 55 9 310 114 5359 104 7|12 11 104 761 25 20
12 11 104 761 25 20|6 1 373 10 715 33 6 7736 18 6 5925 597 1
6 1 373 10 715 33 6 7736 18 6 5925 597 1|1973 5 32 13 46 92 5 118 50 12 87
1973 5 32 13 46 92 5 118 50 12 87|38 5 294 4 44 81 18 128
38 5 294 4 44 81 18 128|5 135 13 29 595 9 804 4
5 135 13 29 595 9 804 4|5 32 13 30 98 25 16
5 32 13 30 98 25 16|15 9 93 6 484 1965 9 31 58 76 60
15 9 93 6 484 1965 9 31 58 76 60|72 37 150
6 715 41 1982 25 7042 3615 16 491 169 168 268|83 11 54 116 9 6 4102 56
83 11 54 116 9 6 4102 56|363 13 4 243 40 99 1845 16736 7
268 138 51 1 517 29 683 21081 15 1|44 24 348 7
22 47 126 393 25 6170 2003 87 6 871 535 7|51 2372 6 3521 1 18 2016
24 1 517 119 12 1667 276 88|276 2003 87 2561 11 2043 7
276 2003 87 2561 11 2043 7|85 4 119 63 28 197 7
85 4 119 63 28 197 7|12 122 9 29 247
12 122 9 29 247|76 937 76 677
5 39 321 9 1438 205 157 27 192|38 5 39 3050 33 28 2003 3715 36 6 677 5217
38 5 39 3050 33 28 2003 3715 36 6 677 5217|309 18 6 1670 153 81 6 270
309 18 6 1670 153 81 6 270|53 205 19 2142 481 76 1982 51 1 517 804 25 136
53 205 19 2142 481 76 1982 51 1 517 804 25 136|21 53 24 2495 7
21 53 24 2495 7|16 11 893
5 907 76 680 76 5 118|10 349 41 1486 20
10 349 41 1486 20|5 178 12 41 5132 38 240 288 12 297 13 88
5 178 12 41 5132 38 240 288 12 297 13 88|1 2097 7678 501 1 1475
1 2097 7678 501 1 1475|57 11 70 18 99
57 11 70 18 99|59 90 10 1284
153 19 2142 95 16 2561 11 1547 2193 22 91 9 29 3788 63 26 492|86 143 16 7
24 1 1793 78 9 1134 6 2044|15 128 124
1 78 1399 33 6 5664 582|23 11 160 23 280 13 59 253
23 11 160 23 280 13 59 253|23 267 20 9 93 4 16 4 1 1793 78 9 31 28 324 6 1 76 937 76 677 62 36 3062
23 267 20 9 93 4 16 4 1 1793 78 9 31 28 324 6 1 76 937 76 677 62 36 3062|5 1171 976 40 48
5 1171 976 40 48|157 53 24 2495 24 125 31 205 9 3999 1163
157 53 24 2495 24 125 31 205 9 3999 1163|12 11 37 25 14498 114 805 9450 38 9 265 6 272 16 24 1 1793 107 6 1329 9 31 16
12 11 37 25 14498 114 805 9450 38 9 265 6 272 16 24 1 1793 107 6 1329 9 31 16|15 16 24 30 9917 117 697
15 16 24 30 9917 117 697|174 43 82 608
4 30 9 186 2142 76 334 76 677|253 22 6 325 98 31 58
253 22 6 325 98 31 58|37 19 262 10 402
37 19 262 10 402|5 39 3360 4
98 9 50 63 14|12 11 410 469 1 1270 372
12 11 410 469 1 1270 372|5882 14543 5 39 1
5882 14543 5 39 1|32 13 329 9 90 6 5930
32 13 329 9 90 6 5930|5 1 1793 372 3111 9 1 27 1038 400 12
5 1 1793 372 3111 9 1 27 1038 400 12|5 39 63
1376 176 147 4596 104|136 295 69 29 10 601 169
136 295 69 29 10 601 169|85 236 70 502 7
85 236 70 502 7|77 217 14 1845 1
5 476 6 5930 15 4596|5 1 517 54 9 1451 63 6 3232
5 1 517 54 9 1451 63 6 3232|24 546 13 29 379 9 6 2876
12 11 91 9 1344 68 117 879 253|79 12 122 9 29 4 25 26 1 7
79 12 122 9 29 4 25 26 1 7|5 195 4 45 19 2142
5 195 4 45 19 2142|375 269 267 9 31 6 989 324
375 269 267 9 31 6 989 324|24 19122 1793 45
642 1 22 372 366|1 2876 1133 179 542
1 2876 1133 179 542|77 217 395
6 90 142 69 29 5498|79 22 16 58 7
79 22 16 58 7|3153 374 16786
89 43 24 530 7|19 100 508 516
73 166 69 12 90 9 1184 1 7|200 147 542 7199 33 6 958
200 147 542 7199 33 6 958|12 118 456 16 24 1 517 111 75 426 184 150 7
12 118 456 16 24 1 517 111 75 426 184 150 7|65 16 220 456
93 74 5 139 74|32 13 95 148 269
32 13 95 148 269|356 20 130 6 70 40 6 4955
356 20 130 6 70 40 6 4955|118 12 6212 113 984 7
118 12 6212 113 984 7|224 7624 14
1 5664 20150 537 902 542|5776 2561 14
1 1 4873 5 1 517 90 4 395 9 6 2208 2193 2145|182 28 411 33 74
182 28 411 33 74|36 6 98
24 1 517 348 62 2402 62 6 19631 11 2193|6 3178 22 9 29 1647 62 70 469 1 1270
6 3178 22 9 29 1647 62 70 469 1 1270|5 1 517 29 33 98
5 1 517 29 33 98|30 4 194 96 9 6 8783 11 2193 154 7
30 4 194 96 9 6 8783 11 2193 154 7|410 315 384
5 32 13 30 126 1689 40 2908|21 1689 40 88 118 5 30 451 7
21 1689 40 88 118 5 30 451 7|612 16449 14
21 31 4 81 68 16 7|77 217 14
6 120 153 16 350 20 43 6 5767|51 344 62 117 2874
51 344 62 117 2874|93 6 8783 68 16
93 6 8783 68 16|23 372 430 12
23 430 68 16 105 60|4 2313 28 1029 112 13 4 7
4 2313 28 1029 112 13 4 7|70 1029 25 1845 16736 14
70 1029 25 1845 16736 14|421 12 14
131 4 1 38 5 39 37 842|51 32 13 1308 536 14
51 32 13 1308 536 14|4 84 144 416 128
4 84 144 416 128|21 11 91 33 19 2142 7
21 11 91 33 19 2142 7|482 18 6 519 22 1171 2112
482 18 6 519 22 1171 2112|8122 1 22 143 9 30 3069 87 10 3543 7044 983 6 199 3474
8122 1 22 143 9 30 3069 87 10 3543 7044 983 6 199 3474|16 11 21 153 95
16 11 21 153 95|62 564 24 1 1793 78 10 418 1396 32 13 24 7
62 564 24 1 1793 78 10 418 1396 32 13 24 7|15 100 4824 12198 3687
15 100 4824 12198 3687|51 19122 1793 833 175 2908
51 19122 1793 833 175 2908|4 19122 1793 3598 4 46 7
4 19122 1793 3598 4 46 7|150 15 150 1
354 20 16449 38 501 1 22 366 25 99|2208 2193 2145 1041 1164 542
2208 2193 2145 1041 1164 542|27 10059 2097 1
85 5 59 104 761 7|65 24 109 67 91 9 19631
65 24 109 67 91 9 19631|44 5 83 1 159 737 200 45 25 20 7
1531 263 101 1049 20 6 325|59 19 14
5 30 9 93 4 1702 16 24 44 13 291 63 58 293 1062 19 262 10 886 2672 18 98|5 44 13 129 124 175 902 12041 400 6 5767
5 44 13 129 124 175 902 12041 400 6 5767|1 447 15 436
47 43 35 7736 18 5856 117 7262|224 16736 16449
5 39 383 2637 18 28 13570|38 5 39 285 4 44 13 93 6 8783 68 16 19 262 10 2744
38 5 39 285 4 44 13 93 6 8783 68 16 19 262 10 2744|15 127 32 13 1289 6 7262
15 127 32 13 1289 6 7262|572 26 374 6715 82 2250
572 26 374 6715 82 2250|20897 179 2650 1550 390 179 2650 1437 2973 19631 11 781
20897 179 2650 1550 390 179 2650 1437 2973 19631 11 781|65 5 46
12 11 98 25 99 9 54 14|58 761 7
6 825 69 90 214 482 100 508 2000|723 13 4 3915 68 16 7
127 81 130 27 608|12 11 37 10 9520 396 16449
12 11 37 10 9520 396 16449|44 5 454 27 1833 737 19 45 7
44 5 454 27 1833 737 19 45 7|5 44 83 4 177 27 263
131 4 27 10059 69|395 4 32 13 30 9 159 25 20
395 4 32 13 30 9 159 25 20|18 198 24 1 517 159
18 198 24 1 517 159|127 32 13 368
24 135 13 119 12|171 142 6 1833
92 43 6 19603 7|286 908 31 4 80 7
286 908 31 4 80 7|147 902 455
53 5 4494 6 1685 24 1 517 29 5734|635 53 6 7243 14017
635 53 6 7243 14017|12 11 372 22640
5 80 9 715 16 501 1 22 864 25 1845 16736 14|5 1 517 206 48 97 412
5 1 517 206 48 97 412|22 47 148 269 7
22 47 148 269 7|805 1 22 366 25 4
805 1 22 366 25 4|12 11 465
11100 17297 543 2319 10 1|368 63 14
2511 6 2442 15 171 12 97 1814|21 68 26 7
10 16371 69 29 209|24 1 517 90 6 553 70 40 99
24 1 517 90 6 553 70 40 99|21 43 4 210 7
21 43 4 210 7|47 11 35 98
83 288 90 252 18 4|18 36 18 99
5 39 160 38 12 748 114 98 89 4 1 1793 120 70 356|19631 11 372 330
23 41 285 16 23 101 29 379|21 43 4 210 7
21 43 4 210 7|5 267 9 165
27 1130 11 196 33 20|395 24 19122 1793 530 4
261 605 182 243 87 6 582 233 1312 169|87 6 1058 15 87 6 1241
87 6 1058 15 87 6 1241|5 32 13 46 79 24 32 13 3145 6 8783 68 88
5 32 13 46 79 24 32 13 3145 6 8783 68 88|5 237 16 23 151 29 3915
5 237 16 23 151 29 3915|5 32 13 1124 19631 11 579 18 1597
5 32 13 1124 19631 11 579 18 1597|127 93 2561 36 6 484
127 93 2561 36 6 484|1 11 372 607 6 4795
1 11 372 607 6 4795|24 19122 1793 10 123 439 379
24 19122 1793 10 123 439 379|101 12 29 10 778 53 5 2174 76 524 76 677 9 6 8783 7
101 12 29 10 778 53 5 2174 76 524 76 677 9 6 8783 7|5 84 55 9 225 205 2670
5 84 55 9 225 205 2670|5 32 13 218 105 60
33 6 1056 117 2875 30 7212 100 11511 16 6903 1|9934 8783 16736 16449 234 14
9934 8783 16736 16449 234 14|501 1 11 839 18 2260
501 1 11 839 18 2260|23 1 517 93 99 68 6 7736 18 1639 5925 597 4680
23 1 517 93 99 68 6 7736 18 1639 5925 597 4680|53 6 5767 911 6 1216 490 18 6 582 6 70 16 14956 14310 902 117 12041 51 101 30 475 142 117 2875 6332 33 6 1056
53 6 5767 911 6 1216 490 18 6 582 6 70 16 14956 14310 902 117 12041 51 101 30 475 142 117 2875 6332 33 6 1056|5 69 37 4370 383 35 1948
5 69 37 4370 383 35 1948|83 20 90 10 102
5 1 1793 78 9 119 10 550 206 24 69 6749 6 5767 62 6 938 1241 897 24 69 37 88 14|5 1 517 1302 26 226 412
5 1 517 1302 26 226 412|21 5 84 1310 22 1 1056 597 1479 9 6 1 594
21 5 84 1310 22 1 1056 597 1479 9 6 1 594|113 210 58 24 84 30 7629 1216 597 1479
113 210 58 24 84 30 7629 1216 597 1479|171 612 16449 245 9 501 1
171 612 16449 245 9 501 1|23 11 516 62 6 1 19 10 402
1845 501 5 39 14788 4 40 1 16449|6 996 22 19 6 263 304 338
6 996 22 19 6 263 304 338|22 6 825 130 7
22 6 825 130 7|35 5 39 243 97 47 334
35 5 39 243 97 47 334|85 4 80 9 389 40 20 501 7
21 68 6 8554 62 6 1241 7|205 11 91 266
51 19122 1793 494 1689 40 349|51 19122 1793 1513
12 41 516 100 1493 16 1373 130 12|6 349 11 243 25 4
6 349 11 243 25 4|12 41 5935 4778
19 262 388 4 1 1793 78 100 1272 349|15 70 124 156 1845 1 10351 4 25 536
15 70 124 156 1845 1 10351 4 25 536|5882 14543 5776 2561 14
5882 14543 5776 2561 14|3145 2142 1046
168 210 58 475 142 36 6 2018|12 151 7707 87 45 76 379 76 677
12 151 7707 87 45 76 379 76 677|31 4 81 16 23
255 5 90 4 9 6 2876 7|76 937 76 12 11 677
76 937 76 12 11 677|5 81 4 799 28 2666 1845 16736
5 81 4 799 28 2666 1845 16736|32 13 180 58 132 38 54
32 13 180 58 132 38 54|83 11 54 14
24 19122 1793 91 9 6 2876|19 6 1 18 6 5707 3316 100 4121 41 1624
24 32 13 30 132 98|24 19122 1793 1 8783 11 695
24 19122 1793 1 8783 11 695|4 44 54
100 2221 22 19 3031|58 21 7
24 195 9 1184 6 2876|4 43 37 9 525 186 108 1697 6 1669 357 1017 1055
4 43 37 9 525 186 108 1697 6 1669 357 1017 1055|65 4 19122 1793 64 38 24 30 9 636 16 948
65 4 19122 1793 64 38 24 30 9 636 16 948|100 505 22 100 505 5 39 136 4 46 21 5 145
100 505 22 100 505 5 39 136 4 46 21 5 145|19 262 388 5 505 4 9 1074 6 8585 15 2511 6 12315 56 3823
19 262 388 5 505 4 9 1074 6 8585 15 2511 6 12315 56 3823|5 1 1793 78 27 695 15 5 135 13 14146 88
5 1 1793 78 27 695 15 5 135 13 14146 88|56 16 11 2067 14
56 16 11 2067 14|172 5 119 10 550 206 7
1 87 6 938 18824 864|5 30 45 100 16736
5 30 45 100 16736|16449 16449 22 45
23 373 9 180 9 6 1|72 12 11 4 1 14
72 12 11 4 1 14|240 288 14
51 32 13 80 9 83 99 61|65 5 271 68 6 2221
65 5 271 68 6 2221|5 32 13 46 126 2279
5 32 13 46 126 2279|5 39 19 10 368 25 6 948 9 2142
5 39 19 10 368 25 6 948 9 2142|5 39 1404
38 340 43 4 3915 68 6 588 16|36 64 38 5 2919 28 1866
36 64 38 5 2919 28 1866|11327 5776 2561
1 2876 540 902 542|27 288 14
288 129 20 124 1323 14|1 125 30 372 428 2142
1 125 30 372 428 2142|51 359 398 61 33 6 8685
51 359 398 61 33 6 8685|85 4 75 48 7
85 4 75 48 7|12 41 2561
51 2026 82 367 76 53 23 109 281|375 101 30 6857 262 100 4121
375 101 30 6857 262 100 4121|37 157 48
2142 1 2876 793 1164 542|16 11 641
21 68 6 891 14567 349 7|92 22 1 7
12 359 214 295 19 6 12369 23035 897 6 70 16 1 20 19 26 508 18 774|54 9 1
51 19122 1793 91 9 406 99 10 349|5 1 1793 9 90 114 666
51 32 13 46 68 148|73 59 51 32 13 46 7
73 59 51 32 13 46 7|112 13 1 206 7
38 6 972 41 319 641|128 727 122 264
176 4445 242 13 247 10 1312 156 983 176 147 542 14|16 11 4290 14
24 19122 1793 18258 2044 1 93 88|6894 12 64 56 14
6894 12 64 56 14|2142 1 1025 652 542
31 4 30 126 5141 7|43 4 136 68 16 7
43 4 136 68 16 7|31 4 81 5 39 918 501 7
31 4 81 5 39 918 501 7|375 3723 262 156
10 16371 18 1 41 3788 63 19 6 16151|10 1089 3592 4105 153 109 1629
10 1089 3592 4105 153 109 1629|24 278 88 473 2561 33 6 8685
24 278 88 473 2561 33 6 8685|6 1862 10245 147 9295 146 87 48
6 1862 10245 147 9295 146 87 48|23 44 13 30 6857
23 44 13 30 6857|16 852 6963
79 297 13 6 1 12983 7|24 723 13 136
36 24 1712 41 10 641 972|83 11 50 91 14
83 11 50 91 14|24 1 517 180 40 1
24 1 517 180 40 1|5 1 517 159 25 4 45
5 1 517 159 25 4 45|19 126 388 5 112 13 218 148
19 126 388 5 112 13 218 148|28 2001 41 105 8092
28 2001 41 105 8092|8753 2561 22 281 501
8753 2561 22 281 501|19631 187 20 128 1171 549
23 11 918 76 1296|5 278 10 281 2561 282 589 146 87 6 16151
5 278 10 281 2561 282 589 146 87 6 16151|23 41 281
5 486 6 1862 277|4 85 7
16 11 79 24 12983 1|86 425 6 505 7
86 425 6 505 7|612 1 2097 1 15 20
612 1 2097 1 15 20|21 100 4290 12985 14
21 100 4290 12985 14|4 1409 4866 10 12016 33 27 3564 14
4 1409 4866 10 12016 33 27 3564 14|291 612 1 9 20 14
291 612 1 9 20 14|501 6 1 41 2938
501 6 1 41 2938|36 24 30 9 31 56 22
36 24 30 9 31 56 22|209 18 26 1020 14
209 18 26 1020 14|6 1 41 37 2938
6 1 41 37 2938|31 4 30 10 470 33 4 7
31 4 30 10 470 33 4 7|79 43 4 705 7
79 43 4 705 7|4 1 1793 78 9 614 238
4 1 1793 78 9 614 238|47 11 35 184 3417
47 11 35 184 3417|5 69 37 2616 1655
